97
74
61
15
40
62
99
3
36
57
14
11
6
29
26
60
88
74
22
71
19
52
51
27
100
89
23
67
1
56
1
97
68
12
78
74
36
69
11
29
76
85
8
46
33
47
71
18
57
28
80
25
49
16
6
67
35
58
77
29
28
63
53
1
33
2
31
82
1
26
40
47
82
90
13
86
74
54
50
95
54
86
56
38
69
79
87
30
58
43
49
96
36
17
57
11
48
100
16
93
63
24
67
66
56
8
37
74
98
47
37
53
43
65
65
8
85
31
60
34
60
76
83
34
14
80
69
82
93
17
16
83
24
39
11
15
25
74
39
91
68
90
89
12
27
82
26
56
70
23
62
65
70
72
13
63
11
69
48
1
96
44
52
83
17
8
97
8
76
71
83
13
41
68
38
74
31
44
93
87
41
1
5
63
86
66
43
58
77
98
99
71
45
65
38
72
21
72
52
32
22
6
20
73
31
24
34
72
73
10
82
80
94
53
76
61
45
93
62
39
65
39
15
9
10
94
72
27
70
76
98
36
24
4
8
40
7
48
54
83
23
54
16
62
23
65
67
91
19
81
26
57
68
52
65
95
42
42
49
87
55
68
11
65
35
94
97
66
32
91
8
72
74
51
17
35
95
14
18
8
13
75
50
25
98
12
20
71
27
66
80
18
87
30
49
13
35
80
19
75
93
97
54
38
76
54
93
12
54
3
13
79
39
43
43
21
48
31
84
88
91
73
95
43
97
10
6
30
34
44
88
23
86
20
24
75
49
22
26
21
76
66
61
51
3
6
62
69
79
48
82
93
26
89
67