65
82
17
61
82
23
74
14
26
38
61
4
84
97
55
16
53
43
7
63
79
20
94
25
83
24
68
77
16
78
73
17
72
22
44
14
24
75
22
40
93
73
83
4
63
10
28
97
9
32
18
79
80
82
94
41
21
90
59
49
19
70
40
19
90
88
48
53
61
84
71
84
35
1
24
18
45
6
79
6
88
8
73
92
7
43
47
23
98
6
98
41
1
23
10
74
48
61
60
82
46
85
51
48
28
38
6
33
96
40
13
30
99
59
35
100
73
11
18
13
5
3
32
3
53
65
21
59
63
61
84
86
9
99
14
89
76
74
10
57
79
32
75
18
46
36
83
77
60
84
46
96
90
49
16
21
44
34
86
29
84
35
16
20
14
13
6
13
73
94
4
69
8
53
52
56
11
77
65
70
89
83
52
19
7
21
66
77
16
77
91
27
23
99
12
45
40
31
33
67
31
19
39
1
97
80
51
36
34
52
26
27
46
81
12
26
10
20
32
11
18
81
87
56
52
6
53
99
51
95
39
70
99
1
44
19
24
21
1
87
65
24
20
3
43
41
60
44
89
6
96
82
80
10
55
30
10
98
35
88
93
42
15
91
66
71
47
75
35
10
50
68
41
41
50
47
64
65
55
35
4
47
28
39
52
58
39
82
10
84
98
39
27
72
9
58
92
14
89
14
57
56
76
65
83
14
58
24
74
66
65
70
95
84
20
12
74
66
63
23
91
38
98
80
13
6
69
53
91
62
99
84
84
96
96
67
23
60
47
61
66
86
56
60
3
58
95
2
14
55
28
11
34
94
80
9
26
3
31
5
59
58
44
13
46
4
93
64
57
70
6
45
75
61
35
84
46
85
3
8
87
36
42
37
76
100
50
92
77
97
36
44
8
61
87
71
81
76
47
88
96
93
23
1
60
18
72
28
45
34
69
14
39
47
86
20
59
85
18
55
77
6
62
81
67
86
49
56
89
69
11
80
50
32
-10
36
62
35
10
67
487
89
10
73
68
38
85
56
95
68
98
16
87
43
35
91
29
61
70
60
89
57
45
26
92
78
88
74
29
88
61
88
36
7
51
55
37
11
67
74
53
28
21
69
91
97
83
27
14
44
47
78
24
39
72
1
24
66
97
3
53
32
7
99
61
92
49
59
41
79
25
56
73
62
23
38
59
2
25
56
61
30
82
53
27
10
87
100
52
3
78
23
62
77
47
29
13
31
46
52
17
32
16
76
77
44
22
92
93
88
66
48
79
39
85
16
81
73
69
4
52
88
46
22
28
60
80
65
44
14
22
14
27
25
83
63
11
31
27
4
24
11
38
61
47
77
44
67
43
20
18
58
30
85
70
39
31
82
47
77
13
31