29
16
27
48
47
15
95
55
31
65
44
5
58
35
67
11
67
75
51
87
47
3
46
87
94
30
82
3
9
98
15
11
20
78
87
94
93
1
91
83
85
10
63
24
11
37
83
28
59
76
71
66
7
57
89
93
86
39
91
5
57
57
48
94
93
64
66
22
56
91
9
41
32
92
50
32
82
21
75
55
69
68
76
97
83
11
80
32
78
34
73
41
26
53
76
97
85
35
79
2
9
92
20
85
67
93
85
85
99
54
20
69
67
24
28
52
73
90
69
52
57
2
87
68
54
81
67
82
86
81
41
100
75
37
11
83
55
5
17
85
69
45
32
50
98
63
33
39
25
0
84
53
66
13
82
54
11
43
35
83
55
96
74
19
83
8
60
53
16
22
79
71
69
99
47
19
2
75
99
100
100
25
13
49
92
11
96
93
36
0
78
83
44
81
55
81
56
84
72
37
24
19
80
82
3
40
92
20
94
4
27
80
19
93
22
32
64
64
37
97
19
47
74
18
65
49
98
92
99
95
12
31
3
83
93
63
30
62
84
83
44
54
27
98
46
62
1
92
11
86
48
57
30
45
57
70
56
44
17
36
26
91
5
69
16
62
66
56
84
80
97
7
93
73
84
23
67
96
90
70
7
51
32
86
58
31
34
1
35
60
29
100
94
15
69
20
77
81
34
64
20
93
99
13
24
38
52
22
68
27
72
61
86
64
30
20
12
99
99
75
34
67
54
33
3
13
17
15
3
29
91
72
31
26
6
53
78
38
98
98
95
18
71
32
67
12
95
37
0
5
5
17
94
33
76
28
3
9
53
1
77
57
27
100
20
34
63
12
75
42
46
88
80
74
6
87
99
90
50
36
74
91
19
96
37
22
61
3
92
48
58
69
37
6
24
55
78
88
9
32
59
3
74
43
0
62
35
99
47
74
2
88
89
86
15
92
56
2
91
5
70
25
33
82
9
81
85
18
72
6
67
8
14
24
55
26
75
56
82
28
57
100
50
63
80
37
44
80
16
36
38
69
65
76
49
96
95
39
48
27
6
14
19
73
19
67
55
87
39
56
98
6
49
95
28
32
44
86
83
34
83
50
12
23
69
86
70
55
71
42
45
1
72
71
23
61
89
14
48
95
83
21
33
24
69
5
48
55
53
73
71
35
43
6
21
66
59
100
23
20
63
18
3
9
97
69
6
74
76
52
3
21
19
47
41
96
42
71
42
81
87
94
22
94
37
17
41
98
86
80
34
25
27
9
84
41
97
49
26
10
93
56
54
27
40
35
2
76
95
13
13
7
15
23
90
6
80
26
19
75
37
10
35
54
28
84
54
6
80
73
58
28
40
57
13
54
30
16
14
41
97
95
96
30
63
23
68
12
15
10
2
8
39
84
67
70
26
68
25
62
63
25
55
95
63
96
79
95
0
42
37
56
31
35
97
45
28
30
65
97
88
53
66
88
19
8
0
85
62
17
88
37
44
98
4
58
100
65
3
96
22
9
46
19
80
27
68
47
100
1
38
94
22
93
42
46
88
76
19
47
11
21
22
53
62
21
76
32
38
52
63
97
16
85
72
16
99
50
79
9
2
93
35
60
30
19
58
35
16
31
90
87
48
7
41
66
51
55
41
42
36
26
12
93
33
77
96
85
45
70
88
70
33
43
64
94
57
52
37
4
53
68
60
9
48
38
51
23
65
54
9
7
79
2
58
15
46
85
46
39
42
47
88
46
22
89
85
79
73
91
30
56
13
39
15
40
91
60
51
76
76
30
23
10
32
33
70
16
78
69
71
98
41
44
83
82
5
90
78
8
34
16
25
32
26
3
81
6
1
53
9
13
42
71
100
49
56
75
45
71
28
10
30
14
44
18
54
26
92
70
86
19
85
49
39
38
78
88
27
38
26
89
22
93
12
73
4
88
3
33
50
46
1
86
56
1
28
36
98
67
69
21
52
17
44
4
83
72
81
53
9
20
73
67
81
40
75
43
74
95
60
34
39
97
98
29
17
25
32
45
36
49
79
6
55
78
61
22
32
26
10
87
50
28
59
61
97
68
63
34
55
31
74
38
99
98
25
12
84
70
40
59
90
96
47
3
60
14
62
6
83
67
10
70
69
6
3
43
93
98
87
100
31
58
64
30
6
96
22
54
71
46
28
67
74
87
49
32
36
22
62
79
37
54
87
55
14
28
19
46
45
94
9
2
83
64
42
85
19
72
55
37
71
10
25
32
10
63
62
71
85
10
33
57
49
2
81
40
83
63
